//on
SEND 38 9000 4500 600 500 600 550 600 500 600 550 600 500 600 550 600 550 550 550 600 1650 550 1650 600 1650 550 1650 600 550 600 1600 600 1650 600 1600 600 1650 600 1650 550 550 600 550 550 550 600 550 600 500 600 550 600 500 600 550 600 1600 600 1650 600 1600 600 1650 600 1650 550 1650 600

//off



//red
SEND 38 9000 4500 600 500 600 550 600 500 600 550 600 550 550 550 600 550 550 550 600 1650 600 1600 600 1650 600 1600 600 550 600 1650 550 1650 600 1650 550 550 600 550 550 1650 600 550 600 500 600 550 600 500 600 550 600 1650 550 1650 600 550 550 1650 600 1650 600 1600 600 1650 600 1600 600

